((("nil" .
   [1 0 0])
  (":compile" .
   [0 0 0 0 0 0 0 1])
  ("server-start" .
   [1 0 0 0 0 0 0 0 0 0 0 0])
  ("False" .
   [1 0 0 0 0])
  ("settings" .
   [0 0 0 0 0 0 0 1])
  ("DEBUG" .
   [1 0 0 0 0])
  ("pathconf_names" .
   [1 0 1 1 0 0 0 0 0 0 0 0 0 0])
  ("path" .
   [1 0 0 0])
  ("os" .
   [5 0])
  ("import" .
   [0 0 0 0 0 2])
  ("self" .
   [35 0 0 1])
  ("hasattr" .
   [0 0 0 0 2 0 0])
  ("_cached_prop" .
   [0 0 0 0 1 0 0 1 0 0 0 0])
  ("prop" .
   [0 0 0 1])
  ("get_prop" .
   [1 0 0 0 0 0 0 0])
  ("class" .
   [0 0 0 0 1])
  ("classmethod" .
   [0 0 0 0 0 0 0 1 0 0 0])
  ("value" .
   [6 0 0 0 0])
  ("key" .
   [1 0 0])
  ("keys" .
   [1 0 0 0])
  ("cls" .
   [1 0 0])
  ("data" .
   [1 0 0 0])
  ("__init__" .
   [1 0 0 0 0 0 0 0])
  ("other" .
   [8 0 0 0 4])
  ("FuzzyBool" .
   [1 0 0 1 2 0 0 0 1])
  ("__value" .
   [1 0 0 1 16 0 0])
  ("r" .
   [2])
  ("__repr__" .
   [1 0 0 0 0 0 0 0])
  ("__" .
   [2 0])
  ("__hash__" .
   [1 0 0 0 0 0 0 0])
  ("return" .
   [0 0 0 0 0 2])
  ("s" .
   [2])
  ("__format__" .
   [1 0 0 0 0 0 0 0 0 0])
  ("format" .
   [0 0 0 0 0 1])
  ("staticmethod" .
   [0 0 0 0 1 0 1 0 0 0 0 0])
  ("float" .
   [0 0 0 0 1])
  ("fuzzies" .
   [1 0 0 0 2 0 0])
  ("export" .
   [1 0 0 0 0 0])
  ("EDITOR" .
   [0 0 0 1 0 0])))
